Target	gc_bias	mappability	reptiming	Gene	on_target
seq1:101-250	0.453333333333333	1	NA	.	TRUE
seq1:301-650	0.505714285714286	1	NA	.	TRUE
seq2:1-150	0.573333333333333	0.699999988079071	NA	.	TRUE
seq2:401-550	0.48	1	NA	.	TRUE
seq2:701-750	0.36	1	NA	.	TRUE
